Date,Firm Name,Period,Rating,Recommendation,Target Price
2008-10-09,EVA Dimensions,Not Provided,3.0,hold,-0.0
2008-10-29,Morgan Stanley,Not Provided,5.0,Overwt/In-Line,38.0
2008-10-29,Soleil Securities,Not Provided,5.0,buy,43.0
2008-10-30,Baird,Not Provided,5.0,outperform,38.0
2008-10-30,FTN Equity Capital Markets Corp.,Not Provided,5.0,buy,45.0
2008-10-30,Barrington Research,12 month,5.0,outperform,46.0
2008-10-30,Barclays,Not Provided,5.0,overwt/neutral,44.0
2008-11-24,Soleil Securities,Not Provided,5.0,buy,34.0
2008-11-25,Baird,Not Provided,5.0,outperform,34.0
2008-11-25,Morgan Stanley,Not Provided,5.0,Overwt/In-Line,35.0
2008-12-03,Barclays,Not Provided,5.0,overwt/neutral,34.0
2008-12-17,FTN Equity Capital Markets Corp.,Not Provided,5.0,buy,36.0
2008-12-28,Soleil Securities,12 month,4.0,Gradually Accumulate,34.0
2008-12-29,EVA Dimensions,Not Provided,3.0,hold,-0.0
2009-01-16,Morgan Stanley,Not Provided,5.0,Overwt/In-Line,32.0
2009-01-21,FTN Equity Capital Markets Corp.,Not Provided,5.0,buy,36.0
2009-01-23,Barrington Research,Not Provided,5.0,outperform,41.0
2009-02-02,FTN Equity Capital Markets Corp.,Not Provided,5.0,buy,36.0
2009-02-02,Baird,Not Provided,5.0,outperform,34.0
2009-02-05,Soleil Securities,12 month,5.0,buy,31.0
2009-02-05,Barclays,Not Provided,5.0,overwt/neutral,32.0
2009-02-06,FTN Equity Capital Markets Corp.,Not Provided,5.0,buy,36.0
2009-02-06,Baird,Not Provided,5.0,outperform,34.0
2009-02-10,Barrington Research,12 month,5.0,outperform,32.0
2009-03-30,Baird,Not Provided,5.0,outperform,34.0
2009-04-27,Baird,12 month,5.0,outperform,34.0
2009-05-01,Soleil Securities,Not Provided,5.0,buy,31.0
2009-05-01,Barclays,Not Provided,5.0,overwt/neutral,30.0
2009-05-04,Baird,Not Provided,5.0,outperform,34.0
2009-05-20,Barrington Research,12 month,5.0,outperform,32.0
2009-06-08,Northcoast Research,Not Provided,3.0,neutral,-0.0
2009-06-24,Northcoast Research,Not Provided,3.0,neutral,-0.0
2009-07-06,Northcoast Research,Not Provided,3.0,neutral,-0.0
2009-07-17,Northcoast Research,Not Provided,3.0,neutral,-0.0
2009-07-22,Northcoast Research,Not Provided,3.0,neutral,-0.0
2009-07-30,Barrington Research,Not Provided,3.0,market perform,-0.0
2009-07-30,Barclays,Not Provided,5.0,overwt/neutral,32.0
2009-07-30,Soleil Securities,12 month,3.0,hold,33.0
2009-07-31,Northcoast Research,Not Provided,3.0,neutral,-0.0
2009-08-03,EVA Dimensions,Not Provided,3.0,hold,-0.0
2009-08-05,Soleil Securities,12 month,3.0,hold,33.0
2009-08-10,EVA Dimensions,Not Provided,3.0,hold,-0.0
2009-08-12,Northcoast Research,Not Provided,3.0,neutral,-0.0
2009-08-13,EVA Dimensions,Not Provided,3.0,hold,-0.0
2009-08-19,Northcoast Research,Not Provided,3.0,neutral,-0.0
2009-08-25,Northcoast Research,Not Provided,3.0,neutral,-0.0
2009-10-23,Northcoast Research,12 month,5.0,buy,44.0
2009-10-29,Soleil Securities,12 month,3.0,hold,33.0
2009-10-29,Barclays,Not Provided,5.0,overwt/neutral,37.0
2009-10-30,Barrington Research,Not Provided,3.0,market perform,-0.0
2009-11-02,Northcoast Research,12 month,5.0,buy,42.0
2009-11-12,Northcoast Research,12 month,5.0,buy,42.0
2009-12-02,Barclays,Not Provided,5.0,overwt/neutral,36.0
2009-12-07,Northcoast Research,12 month,5.0,buy,42.0
2009-12-07,William Blair & Co,Not Provided,5.0,outperform,-0.0
2009-12-11,Soleil Securities,12 month,3.0,hold,33.0
2010-01-04,Baird,12 month,5.0,outperform,40.0
2010-01-13,Northcoast Research,12 month,5.0,buy,42.0
2010-01-22,Northcoast Research,12 month,5.0,buy,42.0
2010-02-01,Baird,12 month,5.0,outperform,40.0
2010-02-03,Barclays,Not Provided,5.0,overwt/neutral,36.0
2010-02-03,Northcoast Research,12 month,5.0,buy,42.0
2010-02-11,Barrington Research,Not Provided,3.0,market perform,-0.0
2010-02-11,Barclays,Not Provided,5.0,overwt/neutral,36.0
2010-02-11,William Blair & Co,Not Provided,5.0,outperform,-0.0
2010-02-12,Baird,12 month,5.0,outperform,39.0
2010-02-12,Northcoast Research,12 month,5.0,buy,42.0
2010-02-16,Soleil Securities,12 month,3.0,hold,33.0
2010-03-01,Northcoast Research,12 month,5.0,buy,42.0
2010-03-02,William Blair & Co,Not Provided,5.0,outperform,-0.0
2010-03-19,Northcoast Research,12 month,5.0,buy,42.0
2010-03-30,Baird,12 month,5.0,outperform,39.0
2010-04-05,Northcoast Research,12 month,5.0,buy,42.0
2010-04-13,Baird,12 month,5.0,outperform,39.0
2010-04-23,Barclays,Not Provided,5.0,overwt/neutral,37.0
2010-04-26,Northcoast Research,12 month,5.0,buy,42.0
2010-04-27,Baird,12 month,5.0,outperform,39.0
2010-04-28,Barrington Research,Not Provided,3.0,market perform,-0.0
2010-04-29,Barrington Research,Not Provided,3.0,market perform,-0.0
2010-04-29,Soleil Securities,12 month,3.0,hold,36.0
2010-04-30,Barclays,Not Provided,5.0,overwt/neutral,40.0
2010-04-30,William Blair & Co,Not Provided,5.0,outperform,-0.0
2010-04-30,Baird,12 month,5.0,outperform,42.0
2010-04-30,Credit Suisse,Not Provided,3.0,neutral,41.0
2010-05-03,Northcoast Research,12 month,5.0,buy,42.0
2010-05-07,Soleil Securities,12 month,3.0,hold,36.0
2010-05-18,Northcoast Research,12 month,5.0,buy,42.0
2010-05-27,Baird,12 month,5.0,outperform,41.0
2010-06-09,Northcoast Research,12 month,5.0,buy,42.0
2010-06-14,Baird,12 month,5.0,outperform,41.0
2010-06-17,Northcoast Research,12 month,5.0,buy,42.0
2010-06-22,William Blair & Co,Not Provided,5.0,outperform,-0.0
2010-06-24,Northcoast Research,12 month,5.0,buy,42.0
2010-06-25,Soleil Securities,12 month,3.0,hold,36.0
2010-07-06,Baird,12 month,5.0,outperform,41.0
2010-07-08,Barrington Research,Not Provided,3.0,market perform,-0.0
2010-07-12,Northcoast Research,12 month,5.0,buy,42.0
2010-07-21,Baird,12 month,5.0,outperform,37.0
2010-07-23,Soleil Securities,12 month,3.0,hold,36.0
2010-07-28,Barclays,Not Provided,5.0,overwt/neutral,40.0
2010-07-29,Soleil Securities,12 month,5.0,buy,36.0
2010-07-29,Credit Suisse,Not Provided,3.0,neutral,33.0
2010-07-29,Northcoast Research,Not Provided,3.0,neutral,-0.0
2010-07-29,Barrington Research,Not Provided,3.0,market perform,-0.0
2010-07-30,William Blair & Co,Not Provided,5.0,outperform,-0.0
2010-07-30,Baird,12 month,5.0,outperform,35.0
2010-08-02,Barclays,Not Provided,5.0,overwt/neutral,37.0
2010-08-03,Barrington Research,Not Provided,3.0,market perform,-0.0
2010-08-17,Northcoast Research,Not Provided,3.0,neutral,-0.0
2010-09-20,Soleil Securities,12 month,4.0,Gradually Accumulate,36.0
2010-09-30,William Blair & Co,Not Provided,5.0,outperform,-0.0
2010-10-06,Jefferies,12 month,5.0,buy,40.0
2010-10-11,Northcoast Research,Not Provided,3.0,neutral,-0.0
2010-10-12,Baird,12 month,5.0,outperform,35.0
2010-10-13,Jefferies,12 month,5.0,buy,40.0
2010-10-19,Northcoast Research,Not Provided,3.0,neutral,-0.0
2010-10-20,William Blair & Co,Not Provided,5.0,outperform,-0.0
2010-10-22,Soleil Securities,12 month,4.0,Gradually Accumulate,36.0
2010-10-25,Baird,12 month,5.0,outperform,35.0
2010-10-28,Credit Suisse,Not Provided,3.0,neutral,33.0
2010-10-28,Soleil Securities,12 month,5.0,buy,37.0
2010-10-28,Jefferies,12 month,5.0,buy,40.0
2010-10-29,Baird,12 month,5.0,outperform,36.0
2010-10-29,Northcoast Research,Not Provided,3.0,neutral,-0.0
2010-10-29,Barrington Research,Not Provided,3.0,market perform,-0.0
2010-10-29,William Blair & Co,Not Provided,5.0,outperform,-0.0
2010-10-29,Barclays,Not Provided,5.0,overwt/neutral,37.0
2010-11-05,Barrington Research,Not Provided,3.0,market perform,-0.0
2010-11-10,Jefferies,12 month,5.0,buy,40.0
2010-11-12,Baird,12 month,5.0,outperform,36.0
2010-11-12,Northcoast Research,Not Provided,3.0,neutral,-0.0
2010-11-19,Northcoast Research,Not Provided,3.0,neutral,-0.0
2010-11-19,Jefferies,12 month,5.0,buy,40.0
2010-11-29,Soleil Securities,12 month,5.0,buy,37.0
2010-11-30,Jefferies,12 month,5.0,buy,40.0
2010-11-30,Baird,12 month,5.0,outperform,36.0
2010-12-07,Soleil Securities,12 month,5.0,buy,37.0
2010-12-09,Baird,12 month,5.0,outperform,36.0
2010-12-09,Barclays,Not Provided,5.0,overwt/neutral,37.0
2010-12-17,Northcoast Research,Not Provided,3.0,neutral,-0.0
2011-01-03,Baird,12 month,5.0,outperform,39.0
2011-01-03,Northcoast Research,Not Provided,3.0,neutral,-0.0
2011-01-10,Soleil Securities,12 month,5.0,buy,37.0
2011-01-12,Northcoast Research,Not Provided,3.0,neutral,-0.0
2011-01-17,Jefferies,12 month,5.0,buy,40.0
2011-01-26,Northcoast Research,Not Provided,3.0,neutral,-0.0
2011-01-26,William Blair & Co,Not Provided,5.0,outperform,-0.0
2011-01-27,Jefferies,12 month,5.0,buy,40.0
2011-01-31,Jefferies,12 month,5.0,buy,40.0
2011-01-31,Baird,12 month,5.0,outperform,39.0
2011-02-09,Jefferies,12 month,5.0,buy,42.0
2011-02-09,Barrington Research,Not Provided,3.0,market perform,-0.0
2011-02-09,Credit Suisse,Not Provided,3.0,neutral,39.0
2011-02-10,Barclays,Not Provided,5.0,overwt/neutral,38.0
2011-02-10,Soleil Securities,12 month,3.0,hold,37.0
2011-02-10,Baird,12 month,5.0,outperform,41.0
2011-02-10,William Blair & Co,Not Provided,5.0,outperform,-0.0
2011-02-16,Barrington Research,Not Provided,3.0,market perform,-0.0
2011-02-17,Northcoast Research,Not Provided,3.0,neutral,-0.0
2011-02-21,Jefferies,12 month,5.0,buy,42.0
2011-02-28,Jefferies,12 month,5.0,buy,42.0
2011-02-28,Barclays,Not Provided,5.0,overwt/neutral,42.0
2011-02-28,Northcoast Research,Not Provided,3.0,neutral,-0.0
2011-02-28,Baird,12 month,5.0,outperform,41.0
2011-03-02,William Blair & Co,Not Provided,5.0,outperform,-0.0
2011-03-04,EVA Dimensions,Not Provided,3.0,hold,-0.0
2011-03-08,Murphy & Durieu LP,12 month,3.0,hold,41.0
2011-03-11,EVA Dimensions,Not Provided,3.0,hold,-0.0
2011-03-12,EVA Dimensions,Not Provided,3.0,hold,-0.0
2011-03-15,Murphy & Durieu LP,12 month,3.0,hold,41.0
2011-03-17,William Blair & Co,Not Provided,5.0,outperform,-0.0
2011-03-17,Baird,12 month,5.0,outperform,41.0
2011-03-18,Barrington Research,Not Provided,3.0,market perform,-0.0
2011-03-18,Northcoast Research,Not Provided,3.0,neutral,-0.0
2011-03-24,Northcoast Research,Not Provided,3.0,neutral,-0.0
2011-03-28,Baird,12 month,5.0,outperform,41.0
2011-03-28,Barclays,Not Provided,5.0,overwt/neutral,42.0
2011-03-31,Soleil Securities,12 month,3.0,hold,37.0
2011-03-31,Jefferies,12 month,5.0,buy,42.0
2011-03-31,Murphy & Durieu LP,12 month,3.0,hold,41.0
2011-03-31,William Blair & Co,Not Provided,5.0,outperform,-0.0
2011-04-04,William Blair & Co,Not Provided,5.0,outperform,-0.0
2011-04-06,Edward Jones,Not Provided,3.0,hold,-0.0
2011-04-06,Great Lakes Review,Not Provided,-2147483648.0,not rated,-0.0
2011-04-07,Northcoast Research,Not Provided,3.0,neutral,-0.0
2011-04-12,Jefferies,12 month,5.0,buy,42.0
2011-04-12,Northcoast Research,Not Provided,3.0,neutral,-0.0
2011-04-13,Goldman Sachs,12 month,3.0,neutral/attractive,39.0
2011-04-18,William Blair & Co,Not Provided,5.0,outperform,-0.0
2011-04-25,Baird,12 month,5.0,outperform,41.0
2011-04-28,William Blair & Co,Not Provided,5.0,outperform,-0.0
2011-04-28,Jefferies,12 month,5.0,buy,42.0
2011-04-28,Barrington Research,Not Provided,3.0,market perform,-0.0
2011-04-28,Credit Suisse,Not Provided,3.0,neutral,40.0
2011-04-28,Northcoast Research,Not Provided,3.0,neutral,-0.0
2011-04-29,Goldman Sachs,12 month,3.0,neutral/attractive,40.0
2011-04-29,Murphy & Durieu LP,12 month,3.0,hold,40.0
2011-04-29,Baird,12 month,5.0,outperform,41.0
2011-04-29,Great Lakes Review,12 month,3.0,hold,35.0
2011-05-02,Barclays,Not Provided,5.0,overwt/neutral,42.0
2011-05-03,Great Lakes Review,12 month,3.0,hold,35.0
2011-05-03,Jefferies,12 month,5.0,buy,44.0
2011-05-06,Barclays,Not Provided,5.0,overwt/neutral,42.0
2011-05-11,Jefferies,12 month,5.0,buy,44.0
2011-05-16,Baird,12 month,5.0,outperform,41.0
2011-05-16,Barrington Research,Not Provided,3.0,market perform,-0.0
2011-05-17,William Blair & Co,Not Provided,5.0,outperform,-0.0
2011-05-24,Northcoast Research,Not Provided,3.0,neutral,-0.0
2011-05-27,Edward Jones,Not Provided,3.0,hold,-0.0
2011-06-10,Great Lakes Review,12 month,3.0,hold,35.0
2011-06-15,Northcoast Research,Not Provided,3.0,neutral,-0.0
2011-06-21,Baird,12 month,5.0,outperform,41.0
2011-06-21,Barclays,Not Provided,5.0,overwt/neutral,42.0
2011-06-22,Jefferies,12 month,5.0,buy,44.0
2011-06-22,Murphy & Durieu LP,12 month,3.0,hold,42.0
2011-06-22,Credit Suisse,Not Provided,3.0,neutral,40.0
2011-06-22,Northcoast Research,12 month,5.0,buy,50.0
2011-06-22,William Blair & Co,Not Provided,5.0,outperform,-0.0
2011-06-23,Baird,12 month,5.0,outperform,45.0
2011-06-23,Barclays,Not Provided,5.0,overwt/neutral,42.0
2011-06-23,SunTrust Robinson Humphrey,12 month,5.0,buy,46.0
2011-06-24,Edward Jones,Not Provided,3.0,hold,-0.0
2011-07-01,Baird,12 month,5.0,outperform,45.0
2011-07-06,Northcoast Research,12 month,5.0,buy,50.0
2011-07-08,SunTrust Robinson Humphrey,12 month,5.0,buy,46.0
2011-07-11,Baird,12 month,5.0,outperform,45.0
2011-07-13,Northcoast Research,12 month,5.0,buy,50.0
2011-07-14,William Blair & Co,Not Provided,5.0,outperform,-0.0
2011-07-14,Edward Jones,Not Provided,5.0,buy,-0.0
2011-07-20,Northcoast Research,12 month,5.0,buy,50.0
2011-07-25,SunTrust Robinson Humphrey,12 month,5.0,buy,46.0
2011-07-25,Great Lakes Review,12 month,3.0,hold,35.0
2011-07-25,Baird,12 month,5.0,outperform,45.0
2011-07-26,Northcoast Research,12 month,5.0,buy,50.0
2011-07-27,Barclays,Not Provided,5.0,overwt/neutral,42.0
2011-07-27,Barrington Research,Not Provided,3.0,market perform,-0.0
2011-07-27,William Blair & Co,Not Provided,5.0,outperform,-0.0
2011-07-28,Edward Jones,Not Provided,5.0,buy,-0.0
2011-07-28,Jefferies,12 month,5.0,buy,44.0
2011-07-28,Goldman Sachs,12 month,3.0,neutral/attractive,41.0
2011-07-29,Barclays,Not Provided,5.0,overwt/neutral,42.0
2011-07-29,Baird,12 month,5.0,outperform,45.0
2011-07-29,Northcoast Research,12 month,5.0,buy,50.0
2011-07-29,Great Lakes Review,12 month,3.0,hold,35.0
2011-07-29,William Blair & Co,Not Provided,5.0,outperform,-0.0
2011-07-29,SunTrust Robinson Humphrey,12 month,5.0,buy,46.0
2011-07-29,Credit Suisse,Not Provided,3.0,neutral,40.0
2011-07-29,Murphy & Durieu LP,12 month,3.0,hold,43.0
2011-08-01,EVA Dimensions,Not Provided,3.0,hold,-0.0
2011-08-02,Barrington Research,12 month,5.0,outperform,45.0
2011-08-09,Goldman Sachs,12 month,3.0,neutral/neutral,38.0
2011-08-10,Northcoast Research,12 month,5.0,buy,50.0
2011-08-10,Jefferies,12 month,5.0,buy,44.0
2011-08-16,Baird,12 month,5.0,outperform,45.0
2011-08-16,Barclays,Not Provided,5.0,overwt/neutral,42.0
2011-08-16,Edward Jones,Not Provided,5.0,buy,-0.0
2011-08-17,CL King & Associates,12 month,5.0,buy,39.0
2011-08-18,CL King & Associates,12 month,5.0,buy,39.0
2011-08-19,Great Lakes Review,12 month,3.0,hold,35.0
2011-08-23,William Blair & Co,Not Provided,5.0,outperform,-0.0
2011-08-29,Jefferies,12 month,5.0,buy,44.0
2011-09-01,Baird,12 month,5.0,outperform,45.0
2011-09-02,Great Lakes Review,12 month,3.0,hold,35.0
2011-09-06,Edward Jones,Not Provided,5.0,buy,-0.0
2011-09-07,Northcoast Research,12 month,5.0,buy,50.0
2011-09-07,Murphy & Durieu LP,12 month,3.0,hold,41.0
2011-09-09,SunTrust Robinson Humphrey,12 month,5.0,buy,46.0
2011-09-12,Baird,12 month,5.0,outperform,45.0
2011-09-12,Jefferies,12 month,5.0,buy,44.0
2011-09-14,Morgan Stanley,Not Provided,3.0,Equalwt/In-Line,-0.0
2011-09-26,William Blair & Co,Not Provided,3.0,market perform,-0.0
2011-09-26,Northcoast Research,12 month,5.0,buy,40.0
2011-09-28,Goldman Sachs,12 month,3.0,neutral/neutral,34.0
2011-10-03,Northcoast Research,12 month,5.0,buy,40.0
2011-10-07,Edward Jones,Not Provided,5.0,buy,-0.0
2011-10-10,SunTrust Robinson Humphrey,12 month,5.0,buy,46.0
2011-10-10,Baird,12 month,5.0,outperform,45.0
2011-10-11,CL King & Associates,12 month,5.0,buy,39.0
2011-10-12,Credit Suisse,Not Provided,3.0,neutral,38.0
2011-10-13,Jefferies,12 month,5.0,buy,44.0
2011-10-19,Baird,12 month,5.0,outperform,42.0
2011-10-19,EVA Dimensions,Not Provided,3.0,hold,-0.0
2011-10-20,William Blair & Co,Not Provided,3.0,market perform,-0.0
2011-10-20,CL King & Associates,12 month,5.0,buy,39.0
2011-10-21,Great Lakes Review,12 month,3.0,hold,35.0
2011-10-21,SunTrust Robinson Humphrey,Not Provided,3.0,neutral,-0.0
2011-10-24,Barclays,Not Provided,5.0,overwt/neutral,42.0
2011-10-24,Northcoast Research,12 month,5.0,buy,40.0
2011-10-27,Credit Suisse,Not Provided,3.0,neutral,38.0
2011-10-27,Murphy & Durieu LP,12 month,3.0,hold,43.0
2011-10-27,Goldman Sachs,12 month,3.0,neutral/neutral,35.0
2011-10-27,Morgan Stanley,Not Provided,3.0,Equalwt/In-Line,-0.0
2011-10-27,Edward Jones,Not Provided,5.0,buy,-0.0
2011-10-27,CL King & Associates,12 month,5.0,buy,44.0
2011-10-27,William Blair & Co,Not Provided,3.0,market perform,-0.0
2011-10-28,SunTrust Robinson Humphrey,Not Provided,3.0,neutral,-0.0
2011-10-28,CL King & Associates,12 month,5.0,buy,44.0
2011-10-28,EVA Dimensions,Not Provided,1.0,sell,-0.0
2011-10-28,Barclays,Not Provided,5.0,overwt/neutral,44.0
2011-10-28,Jefferies,12 month,5.0,buy,45.0
2011-10-28,Northcoast Research,12 month,5.0,buy,40.0
2011-10-28,Barrington Research,12 month,5.0,outperform,45.0
2011-10-28,William Blair & Co,Not Provided,3.0,market perform,-0.0
2011-10-28,Baird,12 month,5.0,outperform,45.0
2011-10-31,Great Lakes Review,12 month,3.0,hold,35.0
2011-11-09,Barclays,Not Provided,5.0,overwt/neutral,46.0
2011-11-09,CL King & Associates,12 month,5.0,buy,44.0
2011-11-10,EVA Dimensions,Not Provided,1.0,sell,-0.0
2011-11-16,Northcoast Research,12 month,5.0,buy,40.0
2011-11-17,EVA Dimensions,Not Provided,1.0,sell,-0.0
2011-11-18,EVA Dimensions,Not Provided,1.0,sell,-0.0
2011-11-21,Morgan Stanley,Not Provided,3.0,Equalwt/In-Line,-0.0
2011-11-22,CL King & Associates,12 month,5.0,buy,44.0
2011-11-25,Edward Jones,Not Provided,5.0,buy,-0.0
2011-11-29,SunTrust Robinson Humphrey,Not Provided,3.0,neutral,-0.0
2011-11-29,Baird,12 month,5.0,outperform,45.0
2011-11-30,EVA Dimensions,Not Provided,1.0,underweight,-0.0
2011-11-30,Edward Jones,Not Provided,5.0,buy,-0.0
2011-11-30,William Blair & Co,Not Provided,3.0,market perform,-0.0
2011-12-01,CL King & Associates,12 month,5.0,buy,44.0
2011-12-01,Northcoast Research,12 month,5.0,buy,40.0
2011-12-02,Jefferies,12 month,5.0,buy,45.0
2011-12-07,Northcoast Research,12 month,5.0,buy,40.0
2011-12-13,Edward Jones,Not Provided,5.0,buy,-0.0
2011-12-14,Northcoast Research,12 month,5.0,buy,40.0
2012-01-03,Baird,12 month,5.0,outperform,45.0
2012-01-10,Credit Suisse,Not Provided,3.0,neutral,39.0
2012-01-11,Edward Jones,Not Provided,5.0,buy,-0.0
2012-01-11,Jefferies,12 month,5.0,buy,45.0
2012-01-12,Northcoast Research,12 month,5.0,buy,40.0
2012-01-18,Barclays,Not Provided,5.0,overwt/neutral,45.0
2012-01-19,Northcoast Research,12 month,5.0,buy,40.0
2012-01-25,William Blair & Co,Not Provided,3.0,market perform,-0.0
2012-01-26,Northcoast Research,12 month,5.0,buy,40.0
2012-01-30,Baird,12 month,5.0,outperform,45.0
2012-01-30,Jefferies,12 month,5.0,buy,45.0
2012-01-31,CL King & Associates,12 month,5.0,buy,44.0
2012-02-06,Morgan Stanley,Not Provided,3.0,Equalwt/In-Line,-0.0
2012-02-09,Baird,12 month,5.0,outperform,45.0
2012-02-09,Northcoast Research,12 month,5.0,buy,40.0
2012-02-13,CL King & Associates,12 month,5.0,buy,44.0
2012-02-13,SunTrust Robinson Humphrey,Not Provided,3.0,neutral,-0.0
2012-02-14,Murphy & Durieu LP,12 month,3.0,hold,43.0
2012-02-16,Barclays,Not Provided,5.0,overwt/neutral,45.0
2012-02-16,Northcoast Research,12 month,5.0,buy,48.0
2012-02-16,Jefferies,12 month,5.0,buy,45.0
2012-02-16,Edward Jones,Not Provided,5.0,buy,-0.0
2012-02-16,William Blair & Co,Not Provided,3.0,market perform,-0.0
2012-02-16,Murphy & Durieu LP,12 month,3.0,hold,43.0
2012-02-16,Credit Suisse,Not Provided,3.0,neutral,40.0
2012-02-17,EVA Dimensions,Not Provided,1.0,sell,-0.0
2012-02-17,Baird,12 month,5.0,outperform,45.0
2012-02-17,Morgan Stanley,Not Provided,3.0,Equalwt/In-Line,-0.0
2012-02-17,SunTrust Robinson Humphrey,Not Provided,3.0,neutral,-0.0
2012-02-17,Goldman Sachs,12 month,3.0,neutral/neutral,36.0
2012-02-17,Great Lakes Review,12 month,3.0,hold,35.0
2012-02-21,Barrington Research,12 month,5.0,outperform,45.0
2012-02-22,CL King & Associates,12 month,5.0,buy,44.0
2012-02-27,Jefferies,12 month,5.0,buy,45.0
2012-02-28,Northcoast Research,12 month,5.0,buy,48.0
2012-03-01,Barclays,Not Provided,5.0,overwt/neutral,45.0
2012-03-05,Northcoast Research,12 month,5.0,buy,48.0
2012-03-12,Great Lakes Review,12 month,3.0,hold,35.0
2012-03-12,Jefferies,12 month,5.0,buy,45.0
2012-03-15,Edward Jones,Not Provided,5.0,buy,-0.0
2012-03-15,Northcoast Research,12 month,5.0,buy,48.0
2012-03-19,Northcoast Research,12 month,5.0,buy,48.0
2012-03-20,Great Lakes Review,12 month,3.0,hold,41.0
2012-03-23,SunTrust Robinson Humphrey,Not Provided,3.0,neutral,-0.0
2012-04-05,Baird,12 month,5.0,outperform,45.0
2012-04-05,Edward Jones,Not Provided,5.0,buy,-0.0
2012-04-09,Edward Jones,Not Provided,5.0,buy,-0.0
2012-04-11,Baird,12 month,5.0,outperform,45.0
2012-04-12,CL King & Associates,12 month,5.0,buy,44.0
2012-04-12,Northcoast Research,12 month,5.0,buy,48.0
2012-04-20,Northcoast Research,12 month,5.0,buy,48.0
2012-04-20,William Blair & Co,Not Provided,3.0,market perform,-0.0
2012-04-25,Baird,12 month,5.0,outperform,45.0
2012-05-01,Credit Suisse,Not Provided,3.0,neutral,42.0
2012-05-01,Jefferies,12 month,5.0,buy,46.0
2012-05-01,Great Lakes Review,12 month,3.0,hold,41.0
2012-05-01,CL King & Associates,12 month,5.0,buy,44.0
2012-05-01,Northcoast Research,12 month,5.0,buy,48.0
2012-05-01,Edward Jones,Not Provided,5.0,buy,-0.0
2012-05-01,William Blair & Co,Not Provided,3.0,market perform,-0.0
2012-05-02,Murphy & Durieu LP,12 month,3.0,hold,43.0
2012-05-02,SunTrust Robinson Humphrey,Not Provided,3.0,neutral,-0.0
2012-05-02,Goldman Sachs,12 month,3.0,neutral/neutral,38.0
2012-05-02,Barclays,Not Provided,5.0,overwt/neutral,45.0
2012-05-02,Baird,12 month,5.0,outperform,48.0
2012-05-02,Barrington Research,12 month,5.0,outperform,45.0
2012-05-02,Morgan Stanley,Not Provided,3.0,Equalwt/In-Line,-0.0
2012-05-07,Morgan Stanley,Not Provided,3.0,Equalwt/In-Line,-0.0
2012-05-09,Edward Jones,Not Provided,5.0,buy,-0.0
2012-06-04,Barclays,Not Provided,5.0,overwt/neutral,45.0
2012-06-04,Northcoast Research,12 month,5.0,buy,48.0
2012-06-05,Edward Jones,Not Provided,5.0,buy,-0.0
2012-06-06,Northcoast Research,12 month,5.0,buy,48.0
2012-06-15,Goldman Sachs,12 month,3.0,neutral/neutral,37.0
2012-06-15,William Blair & Co,Not Provided,3.0,market perform,-0.0
2012-06-27,Jefferies,12 month,5.0,buy,46.0
2012-07-02,UBS,12 month,3.0,neutral,41.0
2012-07-09,Baird,12 month,5.0,outperform,48.0
2012-07-10,Northcoast Research,12 month,5.0,buy,48.0
2012-07-11,Credit Suisse,Not Provided,3.0,neutral,42.0
2012-07-16,William Blair & Co,Not Provided,3.0,market perform,-0.0
2012-07-16,Northcoast Research,12 month,5.0,buy,48.0
2012-07-16,Baird,12 month,5.0,outperform,48.0
2012-07-18,Barclays,Not Provided,5.0,overweight,45.0
2012-07-19,CL King & Associates,12 month,5.0,buy,44.0
2012-07-25,CL King & Associates,12 month,5.0,buy,44.0
2012-07-31,UBS,12 month,3.0,neutral,39.0
2012-07-31,Jefferies,12 month,5.0,buy,44.0
2012-07-31,Credit Suisse,Not Provided,3.0,neutral,39.0
2012-07-31,Great Lakes Review,12 month,4.0,Gradually Accumulate,41.0
2012-07-31,Morgan Stanley,Not Provided,3.0,Equalwt/In-Line,-0.0
2012-07-31,Northcoast Research,12 month,5.0,buy,48.0
2012-07-31,William Blair & Co,Not Provided,3.0,market perform,-0.0
2012-07-31,Barrington Research,12 month,5.0,outperform,45.0
2012-08-01,CL King & Associates,12 month,5.0,buy,44.0
2012-08-01,Baird,12 month,5.0,outperform,44.0
2012-08-01,Barclays,Not Provided,5.0,overweight,45.0
2012-08-03,Morgan Stanley,Not Provided,3.0,Equalwt/In-Line,-0.0
2012-08-06,Barrington Research,12 month,5.0,outperform,45.0
2012-08-06,William Blair & Co,Not Provided,3.0,market perform,-0.0
2012-08-10,Northcoast Research,12 month,5.0,buy,48.0
2012-08-10,Edward Jones,Not Provided,5.0,buy,-0.0
2012-08-17,EVA Dimensions,Not Provided,1.0,underweight,-0.0
2012-08-17,Morgan Stanley,Not Provided,3.0,Equalwt/In-Line,-0.0
2012-08-24,Great Lakes Review,12 month,4.0,Gradually Accumulate,41.0
2012-08-31,Edward Jones,Not Provided,5.0,buy,-0.0
2012-09-10,Baird,12 month,5.0,outperform,44.0
2012-09-12,Jefferies,12 month,5.0,buy,44.0
2012-09-13,Barrington Research,12 month,5.0,outperform,45.0
2012-09-17,Baird,12 month,5.0,outperform,44.0
2012-09-26,Northcoast Research,12 month,5.0,buy,48.0
2012-09-27,Great Lakes Review,12 month,4.0,Gradually Accumulate,43.0
2012-10-03,Edward Jones,Not Provided,5.0,buy,-0.0
2012-10-04,Baird,12 month,5.0,outperform,44.0
2012-10-05,Jefferies,12 month,5.0,buy,44.0
2012-10-09,EVA Dimensions,Not Provided,1.0,sell,-0.0
2012-10-10,Northcoast Research,12 month,5.0,buy,48.0
2012-10-11,Baird,12 month,5.0,outperform,44.0
2012-10-16,William Blair & Co,Not Provided,3.0,market perform,-0.0
2012-10-17,Barclays,Not Provided,5.0,overweight,45.0
2012-10-18,CL King & Associates,12 month,5.0,buy,44.0
2012-10-18,Morgan Stanley,Not Provided,3.0,Equalwt/In-Line,-0.0
2012-10-19,Goldman Sachs,12 month,3.0,neutral/neutral,36.0
2012-10-21,Great Lakes Review,12 month,4.0,Gradually Accumulate,43.0
2012-10-22,Baird,12 month,5.0,outperform,44.0
2012-10-22,UBS,12 month,1.0,sell,35.0
2012-10-22,William Blair & Co,Not Provided,3.0,market perform,-0.0
2012-10-22,Northcoast Research,12 month,5.0,buy,48.0
2012-10-24,Barrington Research,12 month,5.0,outperform,45.0
2012-10-25,S&P Capital IQ,Not Provided,5.0,buy,41.0
2012-10-25,William Blair & Co,Not Provided,3.0,market perform,-0.0
2012-10-25,Edward Jones,Not Provided,5.0,buy,-0.0
2012-10-26,Baird,12 month,5.0,outperform,44.0
2012-10-26,Morgan Stanley,Not Provided,3.0,Equalwt/In-Line,-0.0
2012-10-26,Credit Suisse,Not Provided,3.0,neutral,39.0
2012-10-26,Jefferies,12 month,5.0,buy,44.0
2012-10-26,UBS,12 month,1.0,sell,35.0
2012-10-27,EVA Dimensions,Not Provided,1.0,underweight,-0.0
2012-10-29,Great Lakes Review,12 month,4.0,Gradually Accumulate,44.0
2012-10-29,Barrington Research,12 month,5.0,outperform,45.0
2012-10-30,CL King & Associates,12 month,5.0,buy,44.0
2012-11-01,Northcoast Research,12 month,5.0,buy,48.0
2012-11-07,Stifel,Not Provided,3.0,hold,-0.0
2012-11-14,Morgan Stanley,Not Provided,3.0,Equalwt/In-Line,-0.0
2012-11-19,Morgan Stanley,Not Provided,3.0,Equalwt/In-Line,-0.0
2012-11-19,Baird,12 month,5.0,outperform,44.0
2012-11-20,Northcoast Research,12 month,5.0,buy,48.0
2012-11-21,Edward Jones,Not Provided,5.0,buy,-0.0
2012-11-27,Baird,12 month,5.0,outperform,44.0
2012-11-28,William Blair & Co,Not Provided,3.0,market perform,-0.0
2012-11-28,Morgan Stanley,Not Provided,3.0,Equalwt/In-Line,-0.0
2012-11-29,Northcoast Research,12 month,5.0,buy,48.0
2012-12-06,Morgan Stanley,Not Provided,3.0,Equalwt/In-Line,-0.0
2012-12-14,Edward Jones,Not Provided,5.0,buy,-0.0
2012-12-17,Northcoast Research,12 month,5.0,buy,48.0
2012-12-20,Morgan Stanley,Not Provided,3.0,Equalwt/In-Line,-0.0
2012-12-26,Northcoast Research,12 month,5.0,buy,48.0
2013-01-02,Baird,12 month,5.0,outperform,46.0
2013-01-03,Morgan Stanley,Not Provided,3.0,Equalwt/In-Line,-0.0
2013-01-08,Baird,12 month,5.0,outperform,46.0
2013-01-11,Jefferies,12 month,5.0,buy,44.0
2013-01-14,Edward Jones,Not Provided,5.0,buy,-0.0
2013-01-15,EVA Dimensions,Not Provided,1.0,underweight,-0.0
2013-01-15,Goldman Sachs,12 month,3.0,neutral/neutral,42.0
2013-01-17,Baird,12 month,5.0,outperform,46.0
2013-01-22,Northcoast Research,12 month,5.0,buy,48.0
2013-01-24,William Blair & Co,Not Provided,3.0,market perform,-0.0
2013-01-28,Stifel,Not Provided,3.0,hold,-0.0
2013-01-30,CL King & Associates,12 month,5.0,buy,44.0
2013-01-31,Morgan Stanley,Not Provided,3.0,Equalwt/In-Line,-0.0
2013-02-04,Northcoast Research,12 month,5.0,buy,48.0
2013-02-06,Morgan Stanley,Not Provided,3.0,Equalwt/In-Line,-0.0
2013-02-08,Morgan Stanley,Not Provided,3.0,Equalwt/In-Line,-0.0
2013-02-19,Barrington Research,12 month,5.0,outperform,45.0
2013-02-20,UBS,12 month,1.0,sell,38.0
2013-02-20,Morgan Stanley,Not Provided,3.0,Equalwt/In-Line,-0.0
2013-02-20,Goldman Sachs,12 month,3.0,neutral/neutral,44.0
2013-02-20,Credit Suisse,Not Provided,3.0,neutral,43.0
2013-02-20,William Blair & Co,Not Provided,3.0,market perform,-0.0
2013-02-20,Edward Jones,Not Provided,5.0,buy,-0.0
2013-02-20,CL King & Associates,12 month,5.0,buy,48.0
2013-02-21,Stifel,Not Provided,3.0,hold,-0.0
2013-02-21,Northcoast Research,12 month,5.0,buy,48.0
2013-02-22,Baird,12 month,5.0,outperform,46.0
2013-02-22,Great Lakes Review,Not Provided,3.0,hold,-0.0
2013-02-25,Jefferies,12 month,5.0,buy,44.0
2013-02-25,Barrington Research,12 month,5.0,outperform,45.0
2013-02-25,William Blair & Co,Not Provided,3.0,market perform,-0.0
2013-02-25,Stifel,Not Provided,3.0,hold,-0.0
2013-02-26,Edward Jones,Not Provided,5.0,buy,-0.0
2013-03-01,Great Lakes Review,Not Provided,3.0,hold,-0.0
2013-03-04,Northcoast Research,12 month,5.0,buy,48.0
2013-03-12,Northcoast Research,12 month,5.0,buy,48.0
2013-03-17,William Blair & Co,Not Provided,3.0,market perform,-0.0
2013-03-18,Baird,12 month,5.0,outperform,46.0
2013-03-19,Northcoast Research,12 month,5.0,buy,48.0
2013-03-26,Baird,12 month,5.0,outperform,46.0
2013-03-27,Edward Jones,Not Provided,5.0,buy,-0.0
2013-03-29,UBS,12 month,1.0,sell,41.0
2013-04-08,Northcoast Research,12 month,5.0,buy,48.0
2013-04-08,CL King & Associates,12 month,5.0,buy,48.0
2013-04-08,Edward Jones,Not Provided,5.0,buy,-0.0
2013-04-08,Baird,12 month,5.0,outperform,46.0
2013-04-10,CL King & Associates,12 month,5.0,buy,48.0
2013-04-15,Baird,12 month,5.0,outperform,46.0
2013-04-18,Northcoast Research,12 month,5.0,buy,48.0
2013-04-18,Credit Suisse,Not Provided,3.0,neutral,43.0
2013-04-18,William Blair & Co,Not Provided,3.0,market perform,-0.0
2013-04-18,CL King & Associates,12 month,5.0,buy,48.0
2013-04-19,Morgan Stanley,Not Provided,3.0,Equalwt/In-Line,-0.0
2013-05-01,Morgan Stanley,Not Provided,3.0,Equalwt/In-Line,-0.0
2013-05-01,Northcoast Research,12 month,5.0,buy,48.0
2013-05-03,Great Lakes Review,Not Provided,3.0,hold,-0.0
2013-05-09,William Blair & Co,Not Provided,3.0,market perform,-0.0
2013-05-09,Edward Jones,Not Provided,5.0,buy,-0.0
2013-05-09,Stifel,Not Provided,3.0,hold,-0.0
2013-05-09,Goldman Sachs,12 month,3.0,neutral/neutral,43.0
2013-05-09,CL King & Associates,12 month,5.0,buy,48.0
2013-05-09,Credit Suisse,Not Provided,3.0,neutral,43.0
2013-05-10,UBS,12 month,1.0,sell,40.0
2013-05-10,Great Lakes Review,Not Provided,3.0,hold,-0.0
2013-05-10,Northcoast Research,12 month,5.0,buy,48.0
2013-05-10,Morgan Stanley,Not Provided,3.0,Equalwt/In-Line,-0.0
2013-05-10,Baird,12 month,5.0,outperform,46.0
2013-05-14,Morgan Stanley,Not Provided,3.0,Equalwt/In-Line,-0.0
2013-05-17,Baird,12 month,5.0,outperform,46.0
2013-05-20,Barrington Research,12 month,3.0,market perform,45.0
2013-05-28,Jefferies,12 month,5.0,buy,44.0
2013-05-29,Credit Suisse,Not Provided,3.0,neutral,43.0
2013-05-30,Northcoast Research,12 month,5.0,buy,48.0
2013-05-31,Stifel,Not Provided,3.0,hold,-0.0
2013-06-04,Morgan Stanley,Not Provided,3.0,Equalwt/In-Line,-0.0
2013-06-04,Baird,12 month,5.0,outperform,46.0
2013-06-06,Jefferies,12 month,5.0,buy,44.0
2013-06-07,Edward Jones,Not Provided,5.0,buy,-0.0
2013-06-11,Northcoast Research,12 month,5.0,buy,48.0
2013-06-13,William Blair & Co,Not Provided,3.0,market perform,-0.0
2013-06-18,Baird,12 month,5.0,outperform,46.0
2013-06-26,Jefferies,12 month,5.0,buy,44.0
2013-06-26,Edward Jones,Not Provided,5.0,buy,-0.0
2013-07-02,Northcoast Research,12 month,5.0,buy,48.0
2013-07-11,Jefferies,12 month,5.0,buy,44.0
2013-07-11,Baird,12 month,5.0,outperform,46.0
2013-07-12,Great Lakes Review,Not Provided,3.0,hold,-0.0
2013-07-16,Morgan Stanley,Not Provided,3.0,Equalwt/In-Line,-0.0
2013-07-16,William Blair & Co,Not Provided,3.0,market perform,-0.0
2013-07-16,Northcoast Research,12 month,5.0,buy,48.0
2013-07-19,CL King & Associates,12 month,5.0,buy,48.0
2013-07-19,Morgan Stanley,Not Provided,3.0,Equalwt/In-Line,-0.0
2013-07-22,Great Lakes Review,Not Provided,3.0,hold,-0.0
2013-07-22,Credit Suisse,Not Provided,3.0,neutral,43.0
2013-07-24,Baird,12 month,5.0,outperform,46.0
2013-07-25,Jefferies,12 month,5.0,buy,44.0
2013-07-26,Edward Jones,Not Provided,5.0,buy,-0.0
2013-07-29,Baird,12 month,5.0,outperform,46.0
2013-07-30,Great Lakes Review,Not Provided,3.0,hold,-0.0
2013-07-30,Morgan Stanley,Not Provided,3.0,Equalwt/In-Line,-0.0
2013-08-01,Stifel,Not Provided,3.0,hold,-0.0
2013-08-01,Edward Jones,Not Provided,5.0,buy,-0.0
2013-08-01,William Blair & Co,Not Provided,3.0,market perform,-0.0
2013-08-02,Baird,12 month,5.0,outperform,46.0
2013-08-02,Credit Suisse,Not Provided,3.0,neutral,43.0
2013-08-02,Great Lakes Review,Not Provided,3.0,hold,-0.0
2013-08-02,CL King & Associates,12 month,5.0,buy,48.0
2013-08-04,Morgan Stanley,Not Provided,3.0,Equalwt/In-Line,-0.0
2013-08-06,Northcoast Research,Not Provided,3.0,neutral,-0.0
2013-08-06,Barrington Research,Not Provided,3.0,market perform,-0.0
2013-08-12,Jefferies,12 month,5.0,buy,44.0
2013-08-13,Morgan Stanley,Not Provided,3.0,Equalwt/In-Line,-0.0
2013-08-22,Baird,12 month,5.0,outperform,46.0
2013-08-27,Northcoast Research,Not Provided,3.0,neutral,-0.0
2013-08-30,Edward Jones,Not Provided,5.0,buy,-0.0
2013-09-11,Barrington Research,Not Provided,3.0,market perform,-0.0
2013-09-11,Jefferies,12 month,5.0,buy,44.0
2013-09-11,Stifel,Not Provided,3.0,hold,-0.0
2013-09-13,Jefferies,12 month,5.0,buy,44.0
2013-09-16,Northcoast Research,Not Provided,3.0,neutral,-0.0
2013-09-20,Great Lakes Review,Not Provided,3.0,hold,-0.0
2013-09-25,William Blair & Co,Not Provided,3.0,market perform,-0.0
2013-09-25,Jefferies,12 month,5.0,buy,44.0
2013-09-30,Northcoast Research,Not Provided,3.0,neutral,-0.0
2013-10-07,Stifel,Not Provided,3.0,hold,-0.0
2013-10-08,Baird,12 month,5.0,outperform,46.0
2013-10-10,Jefferies,12 month,5.0,buy,44.0
2013-10-15,Morgan Stanley,Not Provided,3.0,Equalwt/In-Line,-0.0
2013-10-15,Jefferies,12 month,5.0,buy,44.0
2013-10-17,Baird,12 month,5.0,outperform,46.0
2013-10-17,William Blair & Co,Not Provided,3.0,market perform,-0.0
2013-10-24,Jefferies,12 month,5.0,buy,44.0
2013-10-29,Credit Suisse,Not Provided,3.0,neutral,46.0
2013-10-29,Stifel,Not Provided,3.0,hold,-0.0
2013-10-29,CL King & Associates,12 month,5.0,buy,48.0
2013-10-29,Jefferies,12 month,5.0,buy,51.0
2013-10-29,Goldman Sachs,12 month,3.0,neutral/neutral,45.0
2013-10-29,Northcoast Research,Not Provided,3.0,neutral,-0.0
2013-10-29,William Blair & Co,Not Provided,3.0,market perform,-0.0
2013-10-29,Edward Jones,Not Provided,5.0,buy,-0.0
2013-10-30,Morgan Stanley,Not Provided,3.0,Equalwt/In-Line,-0.0
2013-10-31,Great Lakes Review,Not Provided,3.0,hold,-0.0
2013-10-31,Baird,12 month,5.0,outperform,51.0
2013-11-01,Barrington Research,Not Provided,3.0,market perform,-0.0
2013-11-05,Edward Jones,Not Provided,5.0,buy,-0.0
2013-11-07,Baird,12 month,5.0,outperform,51.0
2013-11-14,Northcoast Research,Not Provided,3.0,neutral,-0.0
2013-11-19,Baird,12 month,5.0,outperform,51.0
2013-11-22,Morgan Stanley,Not Provided,3.0,Equalwt/In-Line,-0.0
2013-11-22,"Morningstar, Inc",Not Provided,3.0,hold,-0.0
2013-11-26,Northcoast Research,Not Provided,3.0,neutral,-0.0
2013-12-02,Edward Jones,Not Provided,5.0,buy,-0.0
2013-12-03,Baird,12 month,5.0,outperform,51.0
2013-12-04,CL King & Associates,12 month,5.0,buy,48.0
2013-12-04,William Blair & Co,Not Provided,3.0,market perform,-0.0
2013-12-10,Jefferies,12 month,5.0,buy,51.0
2013-12-11,Credit Suisse,Not Provided,5.0,outperform,57.0
2013-12-11,Goldman Sachs,12 month,5.0,Buy/Neutral,56.0
2013-12-18,Edward Jones,Not Provided,5.0,buy,-0.0
2013-12-31,Northcoast Research,Not Provided,3.0,neutral,-0.0
2014-01-02,Baird,12 month,5.0,outperform,54.0
2014-01-08,Baird,12 month,5.0,outperform,54.0
2014-01-10,Northcoast Research,Not Provided,3.0,neutral,-0.0
2014-01-13,Edward Jones,Not Provided,5.0,buy,-0.0
2014-01-15,EVA Dimensions,Not Provided,3.0,hold,-0.0
2014-01-21,Morgan Stanley,Not Provided,3.0,Equalwt/In-Line,-0.0
2014-01-23,Northcoast Research,Not Provided,3.0,neutral,-0.0
2014-01-28,William Blair & Co,Not Provided,3.0,market perform,-0.0
2014-01-28,Baird,12 month,5.0,outperform,54.0
2014-01-29,CL King & Associates,12 month,5.0,buy,48.0
2014-01-29,Great Lakes Review,Not Provided,3.0,hold,-0.0
2014-01-31,Morgan Stanley,Not Provided,3.0,Equalwt/In-Line,-0.0
2014-02-03,Baird,12 month,5.0,outperform,54.0
2014-02-04,Northcoast Research,Not Provided,3.0,neutral,-0.0
2014-02-06,Edward Jones,Not Provided,5.0,buy,-0.0
2014-02-10,Morgan Stanley,Not Provided,3.0,Equalwt/In-Line,-0.0
2014-02-11,Northcoast Research,Not Provided,3.0,neutral,-0.0
2014-02-18,Northcoast Research,Not Provided,3.0,neutral,-0.0
2014-02-18,Jefferies,12 month,5.0,buy,51.0
2014-02-18,William Blair & Co,Not Provided,3.0,market perform,-0.0
2014-02-18,CL King & Associates,12 month,5.0,buy,48.0
2014-02-18,UBS,12 month,1.0,sell,43.0
2014-02-18,Great Lakes Review,Not Provided,3.0,hold,-0.0
2014-02-18,Credit Suisse,Not Provided,5.0,outperform,57.0
2014-02-18,Stifel,Not Provided,3.0,hold,-0.0
2014-02-19,Morgan Stanley,Not Provided,3.0,Equalwt/In-Line,-0.0
2014-02-19,Baird,12 month,5.0,outperform,51.0
2014-02-19,EVA Dimensions,Not Provided,1.0,underweight,-0.0
2014-02-19,Goldman Sachs,12 month,5.0,Buy/Neutral,54.0
2014-02-20,Barrington Research,Not Provided,3.0,market perform,-0.0
2014-02-21,Baird,12 month,5.0,outperform,51.0
2014-02-21,Edward Jones,Not Provided,5.0,buy,-0.0
2014-02-24,Jefferies,12 month,5.0,buy,51.0
2014-02-24,William Blair & Co,Not Provided,3.0,market perform,-0.0
2014-02-25,Northcoast Research,Not Provided,3.0,neutral,-0.0
2014-03-10,Baird,12 month,5.0,outperform,51.0
2014-03-19,Edward Jones,Not Provided,5.0,buy,-0.0
2014-03-25,Baird,12 month,5.0,outperform,51.0
2014-03-25,Jefferies,12 month,5.0,buy,51.0
2014-03-25,Northcoast Research,Not Provided,3.0,neutral,-0.0
2014-03-27,EVA Dimensions,Not Provided,1.0,underweight,-0.0
2014-04-03,EVA Dimensions,Not Provided,1.0,underweight,-0.0
2014-04-03,Northcoast Research,Not Provided,3.0,neutral,-0.0
2014-04-04,Morgan Stanley,Not Provided,3.0,Equalwt/In-Line,-0.0
2014-04-09,Edward Jones,Not Provided,5.0,buy,-0.0
2014-04-10,EVA Dimensions,Not Provided,1.0,underweight,-0.0
2014-04-15,Morgan Stanley,Not Provided,3.0,Equalwt/In-Line,-0.0
2014-04-17,Stifel,Not Provided,3.0,hold,-0.0
2014-04-17,CL King & Associates,12 month,5.0,buy,48.0
2014-04-17,Northcoast Research,Not Provided,3.0,neutral,-0.0
2014-04-17,Edward Jones,Not Provided,5.0,buy,-0.0
2014-04-21,Northcoast Research,Not Provided,3.0,neutral,-0.0
2014-04-24,Morgan Stanley,Not Provided,3.0,Equalwt/In-Line,-0.0
2014-04-28,Jefferies,Not Provided,5.0,buy,51.0
2014-04-29,William Blair & Co,Not Provided,3.0,market perform,-0.0
2014-04-30,EVA Dimensions,Not Provided,1.0,underweight,-0.0
2014-05-01,Northcoast Research,Not Provided,3.0,neutral,-0.0
2014-05-02,Baird,12 month,5.0,outperform,51.0
2014-05-06,Edward Jones,Not Provided,5.0,buy,-0.0
2014-05-06,Credit Suisse,Not Provided,5.0,outperform,55.0
2014-05-06,Stifel,Not Provided,3.0,hold,-0.0
2014-05-06,Baird,12 month,5.0,outperform,54.0
2014-05-06,"Morningstar, Inc",Not Provided,3.0,hold,-0.0
2014-05-07,William Blair & Co,Not Provided,3.0,market perform,-0.0
2014-05-07,Morgan Stanley,Not Provided,3.0,Equalwt/In-Line,-0.0
2014-05-07,Northcoast Research,Not Provided,3.0,neutral,-0.0
2014-05-07,Jefferies,12 month,5.0,buy,53.0
2014-05-07,Goldman Sachs,12 month,5.0,Buy/Neutral,55.0
2014-05-09,Great Lakes Review,Not Provided,3.0,hold,-0.0
2014-05-12,Morgan Stanley,Not Provided,3.0,Equalwt/In-Line,-0.0
2014-05-12,Jefferies,Not Provided,5.0,buy,53.0
2014-05-13,Edward Jones,Not Provided,5.0,buy,-0.0
2014-05-14,Northcoast Research,Not Provided,3.0,neutral,-0.0
2014-05-16,Barrington Research,13 month,5.0,outperform,56.0
2014-05-19,Baird,Not Provided,5.0,outperform,54.0
2014-05-28,Jefferies,Not Provided,5.0,buy,53.0
2014-05-30,Stifel,Not Provided,3.0,hold,-0.0
2014-05-30,Morgan Stanley,Not Provided,3.0,Equalwt/In-Line,-0.0
2014-06-06,Edward Jones,Not Provided,5.0,buy,-0.0
2014-06-09,William Blair & Co,Not Provided,3.0,market perform,-0.0
2014-06-10,"Morningstar, Inc",Not Provided,3.0,hold,-0.0
2014-06-11,Jefferies,Not Provided,5.0,buy,53.0
2014-06-11,Great Lakes Review,Not Provided,3.0,hold,-0.0
2014-06-12,William Blair & Co,Not Provided,3.0,market perform,-0.0
2014-06-20,Baird,Not Provided,5.0,outperform,54.0
2014-06-24,Northcoast Research,Not Provided,3.0,neutral,-0.0
2014-06-25,Jefferies,12 month,5.0,buy,53.0
2014-06-25,Morgan Stanley,Not Provided,3.0,Equalwt/In-Line,-0.0
2014-06-30,EVA Dimensions,Not Provided,3.0,hold,-0.0
2014-07-02,Edward Jones,Not Provided,5.0,buy,-0.0
2014-07-07,Northcoast Research,Not Provided,3.0,neutral,-0.0
2014-07-10,Baird,12 month,5.0,outperform,54.0
2014-07-11,Jefferies,Not Provided,5.0,buy,53.0
2014-07-15,Northcoast Research,Not Provided,3.0,neutral,-0.0
2014-07-17,Northcoast Research,Not Provided,3.0,neutral,-0.0
2014-07-18,CL King & Associates,12 month,5.0,buy,48.0
2014-07-21,Baird,12 month,5.0,outperform,54.0
2014-07-23,William Blair & Co,Not Provided,3.0,market perform,-0.0
2014-07-23,Northcoast Research,Not Provided,3.0,neutral,-0.0
2014-07-25,Jefferies,12 month,5.0,buy,53.0
2014-07-25,Morgan Stanley,Not Provided,3.0,Equalwt/In-Line,-0.0
2014-07-31,Stifel,Not Provided,3.0,hold,-0.0
2014-07-31,Credit Suisse,Not Provided,5.0,outperform,55.0
2014-07-31,Great Lakes Review,Not Provided,3.0,hold,-0.0
2014-07-31,Morgan Stanley,Not Provided,3.0,Equalwt/In-Line,-0.0
2014-07-31,"Morningstar, Inc",Not Provided,3.0,hold,-0.0
2014-07-31,Northcoast Research,Not Provided,3.0,neutral,-0.0
2014-07-31,Edward Jones,Not Provided,5.0,buy,-0.0
2014-07-31,William Blair & Co,Not Provided,3.0,market perform,-0.0
2014-08-01,Jefferies,12 month,5.0,buy,53.0
2014-08-01,Baird,12 month,5.0,outperform,54.0
2014-08-05,Barrington Research,12 month,5.0,outperform,56.0
2014-08-06,Credit Suisse,Not Provided,5.0,outperform,54.0
2014-08-20,Baird,12 month,5.0,outperform,54.0
2014-08-26,Jefferies,Not Provided,5.0,buy,53.0
2014-08-27,Edward Jones,Not Provided,5.0,buy,-0.0
2014-09-08,Baird,Not Provided,5.0,outperform,54.0
2014-09-09,Northcoast Research,Not Provided,3.0,neutral,-0.0
2014-09-15,Baird,Not Provided,5.0,outperform,54.0
2014-09-16,Barrington Research,12 month,5.0,outperform,56.0
2014-09-19,Great Lakes Review,Not Provided,3.0,hold,-0.0
2014-09-25,Edward Jones,Not Provided,5.0,buy,-0.0
2014-09-25,Jefferies,Not Provided,5.0,buy,53.0
2014-09-30,Baird,Not Provided,5.0,outperform,54.0
2014-10-14,Morgan Stanley,Not Provided,3.0,Equalwt/In-Line,-0.0
2014-10-14,Baird,Not Provided,5.0,outperform,54.0
2014-10-15,Edward Jones,Not Provided,5.0,buy,-0.0
2014-10-15,Great Lakes Review,Not Provided,3.0,hold,-0.0
2014-10-16,Stifel,Not Provided,3.0,hold,-0.0
2014-10-20,Goldman Sachs,12 month,3.0,neutral/neutral,49.0
2014-10-21,William Blair & Co,Not Provided,3.0,market perform,-0.0
2014-10-22,Baird,Not Provided,5.0,outperform,54.0
2014-10-22,Barrington Research,12 month,5.0,outperform,56.0
2014-10-24,Morgan Stanley,Not Provided,3.0,Equalwt/In-Line,-0.0
2014-10-29,Jefferies,12 month,5.0,buy,54.0
2014-10-29,"Morningstar, Inc",Not Provided,3.0,hold,-0.0
2014-10-29,Northcoast Research,Not Provided,3.0,neutral,-0.0
2014-10-29,Great Lakes Review,Not Provided,3.0,hold,-0.0
2014-10-29,Baird,12 month,5.0,outperform,54.0
2014-10-29,William Blair & Co,Not Provided,3.0,market perform,-0.0
2014-10-29,Credit Suisse,Not Provided,5.0,outperform,55.0
2014-10-29,Stifel,Not Provided,3.0,hold,-0.0
2014-10-29,Edward Jones,Not Provided,5.0,buy,-0.0
2014-10-30,Baird,12 month,5.0,outperform,55.0
2014-10-30,Goldman Sachs,12 month,3.0,neutral/neutral,51.0
2014-10-30,Morgan Stanley,12 month,3.0,Equalwt/In-Line,52.0
2014-10-30,Northcoast Research,Not Provided,3.0,neutral,-0.0
2014-11-03,"Morningstar, Inc",Not Provided,3.0,hold,-0.0
2014-11-12,Jefferies,Not Provided,5.0,buy,54.0
2014-11-20,Edward Jones,Not Provided,5.0,buy,-0.0
2014-11-26,Jefferies,Not Provided,5.0,buy,54.0
2014-12-02,Baird,12 month,5.0,outperform,55.0
2014-12-02,UBS,12 month,1.0,sell,47.0
2014-12-04,William Blair & Co,Not Provided,3.0,market perform,-0.0
2014-12-04,Northcoast Research,Not Provided,3.0,neutral,-0.0
2014-12-09,Jefferies,Not Provided,5.0,buy,54.0
2014-12-12,Great Lakes Review,Not Provided,3.0,hold,-0.0
2014-12-16,"Morningstar, Inc",Not Provided,3.0,hold,-0.0
2014-12-16,Morgan Stanley,12 month,3.0,Equalwt/In-Line,54.0
2014-12-16,Edward Jones,Not Provided,5.0,buy,-0.0
2015-01-02,Baird,12 month,3.0,neutral,55.0
2015-01-06,UBS,12 month,1.0,sell,48.0
2015-01-09,Edward Jones,Not Provided,5.0,buy,-0.0
2015-01-09,Northcoast Research,Not Provided,3.0,neutral,-0.0
2015-01-09,Jefferies,Not Provided,5.0,buy,61.0
2015-01-13,Jefferies,Not Provided,5.0,buy,61.0
2015-01-22,Barrington Research,Not Provided,3.0,market perform,-0.0
2015-01-22,Morgan Stanley,12 month,3.0,Equalwt/In-Line,54.0
2015-01-23,Baird,Not Provided,3.0,neutral,55.0
2015-01-26,Goldman Sachs,12 month,3.0,neutral/neutral,49.0
2015-01-26,Northcoast Research,Not Provided,3.0,neutral,-0.0
2015-01-27,Stifel,Not Provided,3.0,hold,-0.0
2015-01-28,William Blair & Co,Not Provided,3.0,market perform,-0.0
2015-01-29,Stifel,Not Provided,3.0,hold,-0.0
2015-01-30,Edward Jones,Not Provided,5.0,buy,-0.0
2015-01-30,Morgan Stanley,12 month,3.0,Equalwt/In-Line,54.0
2015-02-02,Baird,12 month,3.0,neutral,55.0
2015-02-06,Northcoast Research,Not Provided,3.0,neutral,-0.0
2015-02-12,Great Lakes Review,Not Provided,3.0,hold,-0.0
2015-02-17,Barrington Research,Not Provided,3.0,market perform,-0.0
2015-02-18,Credit Suisse,Not Provided,5.0,outperform,55.0
2015-02-18,"Morningstar, Inc",Not Provided,3.0,hold,-0.0
2015-02-18,Jefferies,12 month,5.0,buy,61.0
2015-02-18,Stifel,Not Provided,3.0,hold,-0.0
2015-02-18,William Blair & Co,Not Provided,3.0,market perform,-0.0
2015-02-18,Baird,12 month,3.0,neutral,55.0
2015-02-19,Great Lakes Review,Not Provided,3.0,hold,-0.0
2015-02-19,Credit Suisse,Not Provided,5.0,outperform,61.0
2015-02-19,Morgan Stanley,12 month,3.0,Equalwt/In-Line,52.0
2015-02-19,Baird,12 month,3.0,neutral,54.0
2015-02-19,Goldman Sachs,12 month,3.0,neutral/neutral,50.0
2015-02-19,Barrington Research,Not Provided,3.0,market perform,-0.0
2015-02-19,Northcoast Research,Not Provided,3.0,neutral,-0.0
2015-02-24,Edward Jones,Not Provided,5.0,buy,-0.0
2015-02-27,Baird,Not Provided,3.0,neutral,54.0
2015-03-02,William Blair & Co,Not Provided,3.0,market perform,-0.0
2015-03-02,Jefferies,12 month,5.0,buy,61.0
2015-03-09,Morgan Stanley,12 month,3.0,Equalwt/In-Line,52.0
2015-03-11,Jefferies,Not Provided,5.0,buy,61.0
2015-03-11,Northcoast Research,Not Provided,3.0,neutral,-0.0
2015-03-12,Baird,Not Provided,3.0,neutral,54.0
2015-03-12,Edward Jones,Not Provided,5.0,buy,-0.0
2015-03-13,Great Lakes Review,Not Provided,3.0,hold,-0.0
2015-03-16,Stifel,Not Provided,3.0,hold,-0.0
2015-03-16,Jefferies,12 month,5.0,buy,61.0
2015-03-17,William Blair & Co,Not Provided,3.0,market perform,-0.0
2015-03-25,"Morningstar, Inc",Not Provided,3.0,hold,-0.0
2015-03-25,EVA Dimensions,Not Provided,5.0,overweight,-0.0
2015-03-30,Baird,Not Provided,3.0,neutral,54.0
2015-03-31,Barrington Research,Not Provided,3.0,market perform,-0.0
2015-04-06,Edward Jones,Not Provided,5.0,buy,-0.0
2015-04-09,Baird,Not Provided,3.0,neutral,54.0
2015-04-14,Jefferies,Not Provided,5.0,buy,61.0
2015-04-21,Northcoast Research,Not Provided,3.0,neutral,-0.0
2015-04-22,Morgan Stanley,12 month,3.0,Equalwt/In-Line,52.0
2015-04-22,"Morningstar, Inc",Not Provided,3.0,hold,-0.0
2015-04-23,Stifel,Not Provided,3.0,hold,-0.0
2015-04-24,Morgan Stanley,12 month,3.0,Equalwt/In-Line,52.0
2015-04-27,Jefferies,Not Provided,5.0,buy,61.0
2015-04-27,"Morningstar, Inc",Not Provided,3.0,hold,-0.0
2015-05-06,Goldman Sachs,12 month,3.0,neutral/neutral,51.0
2015-05-06,"Morningstar, Inc",Not Provided,3.0,hold,-0.0
2015-05-06,William Blair & Co,Not Provided,3.0,market perform,-0.0
2015-05-06,Jefferies,12 month,5.0,buy,61.0
2015-05-06,Credit Suisse,Not Provided,5.0,outperform,61.0
2015-05-06,Stifel,Not Provided,3.0,hold,-0.0
2015-05-06,Northcoast Research,Not Provided,3.0,neutral,-0.0
2015-05-07,Great Lakes Review,Not Provided,3.0,hold,-0.0
2015-05-07,Morgan Stanley,12 month,3.0,Equalwt/In-Line,52.0
2015-05-07,Baird,12 month,3.0,neutral,55.0
2015-05-07,Barrington Research,Not Provided,3.0,market perform,-0.0
2015-05-08,Edward Jones,Not Provided,5.0,buy,-0.0
2015-05-08,EVA Dimensions,Not Provided,5.0,overweight,-0.0
2015-05-12,Jefferies,Not Provided,5.0,buy,61.0
2015-05-18,"Morningstar, Inc",Not Provided,3.0,hold,-0.0
2015-05-22,William Blair & Co,Not Provided,3.0,market perform,-0.0
2015-05-26,Jefferies,12 month,5.0,buy,61.0
2015-05-26,Baird,12 month,3.0,neutral,55.0
2015-05-26,"Morningstar, Inc",Not Provided,3.0,hold,-0.0
2015-05-27,Barrington Research,Not Provided,3.0,market perform,-0.0
2015-05-28,Stifel,Not Provided,3.0,hold,-0.0
2015-06-01,"Morningstar, Inc",Not Provided,3.0,hold,-0.0
2015-06-01,Jefferies,12 month,5.0,buy,61.0
2015-06-04,Edward Jones,Not Provided,5.0,buy,-0.0
2015-06-08,Baird,Not Provided,3.0,neutral,55.0
2015-07-01,Edward Jones,Not Provided,5.0,buy,-0.0
2015-07-06,Jefferies,12 month,5.0,buy,61.0
2015-07-08,Edward Jones,Not Provided,5.0,buy,-0.0
2015-07-13,Jefferies,Not Provided,5.0,buy,61.0
2015-07-13,"Morningstar, Inc",Not Provided,3.0,hold,-0.0
2015-07-16,Stifel,Not Provided,3.0,hold,-0.0
2015-07-22,Barrington Research,Not Provided,3.0,market perform,-0.0
2015-07-22,Baird,Not Provided,3.0,neutral,55.0
2015-07-23,Stifel,Not Provided,3.0,hold,-0.0
2015-07-27,Jefferies,Not Provided,5.0,buy,61.0
2015-07-30,Edward Jones,Not Provided,5.0,buy,-0.0
2015-07-30,Credit Suisse,Not Provided,5.0,outperform,63.0
2015-07-30,Goldman Sachs,12 month,3.0,neutral/neutral,57.0
2015-07-30,Morgan Stanley,12 month,3.0,Equalwt/In-Line,56.0
2015-07-30,Jefferies,12 month,5.0,buy,62.0
2015-07-30,UBS,12 month,1.0,sell,50.0
2015-07-30,"Morningstar, Inc",Not Provided,3.0,hold,-0.0
2015-07-31,William Blair & Co,Not Provided,3.0,market perform,-0.0
2015-07-31,Great Lakes Review,Not Provided,3.0,hold,-0.0
2015-07-31,Northcoast Research,Not Provided,3.0,neutral,-0.0
2015-07-31,Stifel,Not Provided,3.0,hold,-0.0
2015-07-31,Barrington Research,Not Provided,3.0,market perform,-0.0
2015-07-31,Baird,12 month,3.0,neutral,58.0
2015-08-21,Barrington Research,Not Provided,3.0,market perform,-0.0
2015-08-26,Jefferies,Not Provided,5.0,buy,62.0
2015-08-28,Edward Jones,Not Provided,5.0,buy,-0.0
2015-09-04,Great Lakes Review,Not Provided,3.0,hold,-0.0
2015-09-08,"Morningstar, Inc",Not Provided,3.0,hold,-0.0
2015-09-10,Great Lakes Review,Not Provided,3.0,hold,-0.0
2015-09-11,Baird,Not Provided,3.0,neutral,58.0
2015-09-13,Morgan Stanley,12 month,5.0,Overwt/In-Line,70.0
2015-09-15,"Morningstar, Inc",Not Provided,3.0,hold,-0.0
2015-09-16,Great Lakes Review,Not Provided,3.0,hold,-0.0
2015-09-16,"Morningstar, Inc",Not Provided,3.0,hold,-0.0
2015-09-16,Barrington Research,12 month,5.0,outperform,60.0
2015-09-16,Edward Jones,Not Provided,5.0,buy,-0.0
2015-09-16,Baird,Not Provided,5.0,outperform,61.0
2015-09-17,Morgan Stanley,12 month,5.0,Overwt/In-Line,70.0
2015-09-18,Northcoast Research,12 month,5.0,buy,70.0
2015-09-21,William Blair & Co,Not Provided,5.0,outperform,-0.0
2015-09-24,Baird,12 month,5.0,outperform,61.0
2015-09-25,Northcoast Research,12 month,5.0,buy,70.0
2015-09-28,"Morningstar, Inc",Not Provided,3.0,hold,-0.0
2015-10-05,"Morningstar, Inc",Not Provided,3.0,hold,-0.0
2015-10-07,Northcoast Research,12 month,5.0,buy,70.0
2015-10-09,Edward Jones,Not Provided,5.0,buy,-0.0
2015-10-21,Edward Jones,Not Provided,5.0,buy,-0.0
2015-10-22,Stifel,Not Provided,3.0,hold,-0.0
2015-10-23,Morgan Stanley,12 month,5.0,Overwt/In-Line,70.0
2015-10-26,Baird,12 month,5.0,outperform,61.0
2015-10-26,Barrington Research,12 month,5.0,outperform,60.0
2015-10-28,Goldman Sachs,12 month,3.0,neutral/neutral,59.0
2015-10-28,Great Lakes Review,Not Provided,3.0,hold,-0.0
2015-10-28,Morgan Stanley,12 month,5.0,Overwt/In-Line,70.0
2015-10-29,Barrington Research,12 month,5.0,outperform,64.0
2015-10-30,William Blair & Co,Not Provided,5.0,outperform,-0.0
2015-10-30,Baird,12 month,5.0,outperform,64.0
2015-10-30,Credit Suisse,Not Provided,5.0,outperform,69.0
2015-10-30,Stifel,Not Provided,3.0,hold,-0.0
2015-11-02,Edward Jones,Not Provided,5.0,buy,-0.0
2015-11-03,Northcoast Research,12 month,5.0,buy,70.0
2015-11-16,Edward Jones,Not Provided,5.0,buy,-0.0
2015-11-20,Great Lakes Review,Not Provided,3.0,hold,-0.0
2015-11-23,Morgan Stanley,12 month,5.0,Overwt/In-Line,70.0
2015-12-01,Baird,Not Provided,5.0,outperform,64.0
2015-12-02,Northcoast Research,12 month,5.0,buy,70.0
2015-12-03,William Blair & Co,Not Provided,5.0,outperform,-0.0
2015-12-03,Northcoast Research,12 month,5.0,buy,70.0
2015-12-09,Morgan Stanley,12 month,5.0,Overwt/In-Line,70.0
2015-12-15,Edward Jones,Not Provided,5.0,buy,-0.0
2015-12-29,Northcoast Research,Not Provided,5.0,buy,70.0
2016-01-04,Baird,Not Provided,5.0,outperform,68.0
2016-01-05,Northcoast Research,12 month,5.0,buy,78.0
2016-01-11,Credit Suisse,Not Provided,5.0,outperform,69.0
2016-01-13,Edward Jones,Not Provided,5.0,buy,-0.0
2016-01-22,Goldman Sachs,12 month,3.0,neutral/neutral,56.0
2016-01-26,Stifel,Not Provided,3.0,hold,-0.0
2016-01-28,"Morningstar, Inc",Not Provided,3.0,hold,-0.0
2016-02-01,Baird,Not Provided,5.0,outperform,68.0
2016-02-03,Northcoast Research,12 month,5.0,buy,78.0
2016-02-05,Stifel,Not Provided,3.0,hold,-0.0
2016-02-05,Edward Jones,Not Provided,5.0,buy,-0.0
2016-02-08,Morgan Stanley,12 month,5.0,Overwt/In-Line,70.0
2016-02-12,"Morningstar, Inc",Not Provided,3.0,hold,-0.0
2016-02-12,Stifel,Not Provided,3.0,hold,-0.0
2016-02-12,Edward Jones,Not Provided,5.0,buy,-0.0
2016-02-16,William Blair & Co,Not Provided,5.0,outperform,-0.0
2016-02-16,Goldman Sachs,12 month,3.0,neutral/neutral,57.0
2016-02-16,Baird,12 month,5.0,outperform,66.0
2016-02-16,Barrington Research,12 month,5.0,outperform,62.0
2016-02-16,Great Lakes Review,Not Provided,3.0,hold,-0.0
2016-02-16,Morgan Stanley,12 month,5.0,Overwt/In-Line,65.0
2016-02-16,Northcoast Research,12 month,5.0,buy,78.0
2016-02-25,UBS,12 month,3.0,neutral,60.0
2016-02-25,Edward Jones,Not Provided,3.0,hold,-0.0
2016-02-26,Baird,12 month,5.0,outperform,66.0
2016-02-29,William Blair & Co,Not Provided,5.0,outperform,-0.0
2016-02-29,Great Lakes Review,Not Provided,3.0,hold,-0.0
2016-03-02,Edward Jones,Not Provided,3.0,hold,-0.0
2016-03-02,Northcoast Research,12 month,5.0,buy,78.0
2016-03-02,Morgan Stanley,12 month,5.0,Overwt/In-Line,65.0
2016-03-03,Jefferies,12 month,5.0,buy,70.0
2016-03-03,UBS,12 month,3.0,neutral,60.0
2016-03-04,Great Lakes Review,Not Provided,3.0,hold,-0.0
2016-03-10,Great Lakes Review,Not Provided,3.0,hold,-0.0
2016-03-14,Northcoast Research,12 month,5.0,buy,78.0
2016-03-14,William Blair & Co,Not Provided,3.0,market perform,-0.0
2016-03-15,Credit Suisse,Not Provided,5.0,outperform,70.0
2016-03-16,Baird,Not Provided,5.0,outperform,66.0
2016-03-16,UBS,12 month,3.0,neutral,60.0
2016-03-18,Great Lakes Review,Not Provided,3.0,hold,-0.0
2016-03-24,Morgan Stanley,12 month,3.0,Equalwt/In-Line,65.0
2016-03-28,Great Lakes Review,Not Provided,3.0,hold,-0.0
2016-03-29,Goldman Sachs,12 month,3.0,neutral/neutral,62.0
2016-03-31,Great Lakes Review,Not Provided,3.0,hold,-0.0
2016-03-31,Stifel,Not Provided,3.0,hold,-0.0
2016-04-01,Jefferies,12 month,5.0,buy,70.0
2016-04-05,William Blair & Co,Not Provided,3.0,market perform,-0.0
2016-04-06,Edward Jones,Not Provided,3.0,hold,-0.0
2016-04-07,Baird,12 month,5.0,outperform,66.0
2016-04-11,"Morningstar, Inc",Not Provided,3.0,hold,-0.0
2016-04-12,Northcoast Research,12 month,5.0,buy,78.0
2016-04-19,Morgan Stanley,12 month,3.0,Equalwt/In-Line,65.0
2016-04-25,Baird,12 month,5.0,outperform,66.0
2016-05-03,Northcoast Research,12 month,5.0,buy,78.0
2016-05-04,Stifel,Not Provided,3.0,hold,-0.0
2016-05-06,Stifel,Not Provided,3.0,hold,-0.0
2016-05-06,Edward Jones,Not Provided,3.0,hold,-0.0
2016-05-06,Northcoast Research,12 month,5.0,buy,78.0
2016-05-06,"Morningstar, Inc",Not Provided,3.0,hold,-0.0
2016-05-09,Morgan Stanley,12 month,3.0,Equalwt/In-Line,65.0
2016-05-09,Baird,12 month,5.0,outperform,68.0
2016-05-09,Great Lakes Review,Not Provided,3.0,hold,-0.0
2016-05-09,William Blair & Co,Not Provided,3.0,market perform,-0.0
2016-05-09,Goldman Sachs,12 month,3.0,neutral/neutral,63.0
2016-05-09,UBS,12 month,3.0,neutral,64.0
2016-05-10,EVA Dimensions,Not Provided,3.0,hold,-0.0
2016-05-10,Credit Suisse,Not Provided,5.0,outperform,72.0
2016-05-13,Great Lakes Review,Not Provided,3.0,hold,-0.0
2016-05-13,Barrington Research,12 month,5.0,outperform,68.0
2016-05-17,Morgan Stanley,12 month,3.0,Equalwt/In-Line,65.0
2016-05-19,Morgan Stanley,12 month,3.0,Equalwt/In-Line,65.0
2016-05-20,Jefferies,Not Provided,5.0,buy,70.0
2016-05-25,Credit Suisse,Not Provided,5.0,outperform,72.0
2016-05-25,Northcoast Research,12 month,5.0,buy,78.0
2016-06-02,Stifel,Not Provided,3.0,hold,-0.0
2016-06-06,Edward Jones,Not Provided,3.0,hold,-0.0
2016-06-07,Northcoast Research,12 month,5.0,buy,78.0
2016-06-09,Baird,Not Provided,5.0,outperform,68.0
2016-06-13,Piper Jaffray,12 month,5.0,overweight,70.0
2016-06-22,Northcoast Research,12 month,5.0,buy,78.0
2016-06-27,William Blair & Co,Not Provided,3.0,market perform,-0.0
2016-06-27,Credit Suisse,Not Provided,5.0,outperform,72.0
2016-06-27,Stifel,Not Provided,3.0,hold,-0.0
2016-06-27,Northcoast Research,12 month,5.0,buy,78.0
2016-06-27,Baird,12 month,5.0,outperform,68.0
2016-06-27,Piper Jaffray,12 month,5.0,overweight,70.0
2016-06-29,Jefferies,12 month,5.0,buy,70.0
2016-07-06,Edward Jones,Not Provided,3.0,hold,-0.0
2016-07-11,"Morningstar, Inc",Not Provided,3.0,hold,-0.0
2016-07-15,Baird,Not Provided,5.0,outperform,69.0
2016-07-25,Baird,12 month,5.0,outperform,69.0
2016-08-03,Great Lakes Review,Not Provided,3.0,hold,-0.0
2016-08-05,Edward Jones,Not Provided,3.0,hold,-0.0
2016-08-05,Morgan Stanley,12 month,3.0,Equalwt/In-Line,65.0
2016-08-05,Stifel,Not Provided,3.0,hold,-0.0
2016-08-05,Piper Jaffray,12 month,5.0,overweight,70.0
2016-08-05,William Blair & Co,Not Provided,3.0,market perform,-0.0
2016-08-05,Northcoast Research,12 month,5.0,buy,82.0
2016-08-05,Credit Suisse,Not Provided,5.0,outperform,72.0
2016-08-05,Baird,12 month,5.0,outperform,69.0
2016-08-08,"Morningstar, Inc",Not Provided,3.0,hold,-0.0
2016-08-08,William Blair & Co,Not Provided,3.0,market perform,-0.0
2016-08-08,Barrington Research,Not Provided,3.0,market perform,-0.0
2016-08-08,Baird,12 month,5.0,outperform,69.0
2016-08-10,Edward Jones,Not Provided,3.0,hold,-0.0
2016-08-10,Great Lakes Review,Not Provided,3.0,hold,-0.0
2016-08-15,Piper Jaffray,12 month,5.0,overweight,70.0
2016-08-16,Jefferies,Not Provided,5.0,buy,70.0
2016-08-17,Northcoast Research,12 month,5.0,buy,82.0
2016-08-25,Baird,12 month,5.0,outperform,69.0
2016-08-25,Piper Jaffray,12 month,5.0,overweight,70.0
2016-08-25,Northcoast Research,12 month,5.0,buy,82.0
2016-09-09,Baird,Not Provided,5.0,outperform,69.0
2016-09-12,Edward Jones,Not Provided,3.0,hold,-0.0
2016-09-13,Jefferies,Not Provided,5.0,buy,70.0
2016-09-14,Northcoast Research,12 month,5.0,buy,82.0
2016-09-15,Barrington Research,Not Provided,3.0,market perform,-0.0
2016-09-22,J.P. Morgan,12 month,3.0,neutral,65.0
2016-09-23,Great Lakes Review,Not Provided,3.0,hold,-0.0
2016-09-23,Northcoast Research,12 month,5.0,buy,82.0
2016-09-23,Morgan Stanley,12 month,3.0,Equalwt/No Rating,65.0
2016-09-26,Stifel,12 month,3.0,hold,62.0
2016-09-30,"Morningstar, Inc",Not Provided,3.0,hold,-0.0
2016-10-02,Morgan Stanley,12 month,3.0,Equalwt/In-Line,65.0
2016-10-03,Baird,12 month,5.0,outperform,67.0
2016-10-06,Northcoast Research,12 month,5.0,buy,82.0
2016-10-10,William Blair & Co,Not Provided,3.0,market perform,-0.0
2016-10-11,Edward Jones,Not Provided,3.0,hold,-0.0
2016-10-12,Piper Jaffray,12 month,5.0,overweight,70.0
2016-10-12,Jefferies,12 month,5.0,buy,70.0
2016-10-20,Stifel,12 month,3.0,hold,62.0
2016-10-21,Baird,12 month,5.0,outperform,67.0
2016-10-28,Great Lakes Review,Not Provided,3.0,hold,-0.0
2016-11-04,Northcoast Research,12 month,5.0,buy,82.0
2016-11-04,Piper Jaffray,12 month,5.0,overweight,70.0
2016-11-04,Great Lakes Review,Not Provided,3.0,hold,-0.0
2016-11-04,Morgan Stanley,12 month,5.0,Overwt/In-Line,69.0
2016-11-04,Edward Jones,Not Provided,3.0,hold,-0.0
2016-11-04,J.P. Morgan,12 month,3.0,neutral,65.0
2016-11-04,Credit Suisse,Not Provided,5.0,outperform,70.0
2016-11-04,Stifel,12 month,3.0,hold,62.0
2016-11-07,Baird,12 month,5.0,outperform,67.0
2016-11-07,William Blair & Co,Not Provided,3.0,market perform,-0.0
2016-11-07,Barrington Research,Not Provided,3.0,market perform,-0.0
2016-11-07,"Morningstar, Inc",Not Provided,3.0,hold,-0.0
2016-11-07,Jefferies,12 month,5.0,buy,70.0
2016-11-07,UBS,12 month,3.0,neutral,67.0
2016-11-10,William Blair & Co,Not Provided,3.0,market perform,-0.0
2016-11-16,Morgan Stanley,12 month,5.0,Overwt/In-Line,69.0
2016-11-18,Baird,12 month,5.0,outperform,67.0
2016-11-21,Northcoast Research,12 month,5.0,buy,82.0
2016-11-22,Piper Jaffray,12 month,5.0,overweight,70.0
2016-11-29,Credit Suisse,Not Provided,5.0,outperform,70.0
2016-11-29,Baird,Not Provided,5.0,outperform,67.0
2016-11-30,William Blair & Co,Not Provided,3.0,market perform,-0.0
2016-12-01,Edward Jones,Not Provided,3.0,hold,-0.0
2016-12-02,Great Lakes Review,Not Provided,3.0,hold,-0.0
2016-12-05,Barrington Research,12 month,5.0,outperform,63.0
2016-12-14,J.P. Morgan,12 month,3.0,neutral,65.0
2016-12-17,EVA Dimensions,Not Provided,1.0,underweight,-0.0
2016-12-21,J.P. Morgan,12 month,3.0,neutral,65.0
2016-12-21,Piper Jaffray,Not Provided,5.0,overweight,70.0
2017-01-03,Baird,Not Provided,5.0,outperform,67.0
2017-01-03,Edward Jones,Not Provided,3.0,hold,-0.0
2017-01-04,Stifel,12 month,3.0,hold,62.0
2017-01-10,Great Lakes Review,Not Provided,3.0,hold,-0.0
2017-01-12,Credit Suisse,Not Provided,5.0,outperform,70.0
2017-01-13,Great Lakes Review,Not Provided,3.0,hold,-0.0
2017-01-18,Northcoast Research,12 month,5.0,buy,76.0
2017-01-19,William Blair & Co,Not Provided,3.0,market perform,-0.0
2017-01-23,Jefferies,Not Provided,5.0,buy,68.0
2017-01-25,Baird,Not Provided,5.0,outperform,67.0
2017-01-27,Piper Jaffray,12 month,5.0,overweight,70.0
2017-01-27,Goldman Sachs,12 month,3.0,neutral/neutral,59.0
2017-01-31,Northcoast Research,12 month,5.0,buy,76.0
2017-02-01,Edward Jones,Not Provided,3.0,hold,-0.0
2017-02-07,Northcoast Research,12 month,5.0,buy,76.0
2017-02-08,UBS,12 month,3.0,neutral,63.0
2017-02-13,Barrington Research,12 month,5.0,outperform,63.0
2017-02-15,Morgan Stanley,12 month,5.0,Overwt/In-Line,69.0
2017-02-17,Stifel,12 month,5.0,buy,70.0
2017-02-17,Credit Suisse,Not Provided,5.0,outperform,67.0
2017-02-17,"Morningstar, Inc",Not Provided,3.0,hold,-0.0
2017-02-17,J.P. Morgan,12 month,3.0,neutral,65.0
2017-02-17,Edward Jones,Not Provided,3.0,hold,-0.0
2017-02-17,Baird,12 month,5.0,outperform,67.0
2017-02-17,William Blair & Co,Not Provided,3.0,market perform,-0.0
2017-02-17,Northcoast Research,12 month,5.0,buy,76.0
2017-02-20,Piper Jaffray,12 month,5.0,overweight,73.0
2017-02-20,UBS,12 month,3.0,neutral,62.0
2017-02-21,Baird,12 month,5.0,outperform,69.0
2017-02-21,Great Lakes Review,Not Provided,3.0,hold,-0.0
2017-02-21,Morgan Stanley,12 month,5.0,Overwt/In-Line,65.0
2017-02-21,Goldman Sachs,12 month,3.0,neutral/neutral,60.0
2017-02-21,Barrington Research,Not Provided,3.0,market perform,-0.0
2017-02-27,William Blair & Co,Not Provided,3.0,market perform,-0.0
2017-02-28,Jefferies,Not Provided,5.0,buy,72.0
2017-03-02,Northcoast Research,12 month,5.0,buy,76.0
2017-03-02,Edward Jones,Not Provided,3.0,hold,-0.0
2017-03-03,Morgan Stanley,12 month,5.0,Overwt/In-Line,65.0
2017-03-08,Baird,Not Provided,5.0,outperform,69.0
2017-03-24,Baird,12 month,5.0,outperform,69.0
2017-03-27,Morgan Stanley,12 month,5.0,Overwt/In-Line,65.0
2017-03-27,Northcoast Research,12 month,5.0,buy,76.0
2017-03-27,William Blair & Co,Not Provided,3.0,market perform,-0.0
2017-03-28,Piper Jaffray,12 month,5.0,overweight,73.0
2017-04-03,Edward Jones,Not Provided,3.0,hold,-0.0
2017-04-04,"Morningstar, Inc",Not Provided,3.0,hold,-0.0
2017-04-04,Baird,Not Provided,5.0,outperform,69.0
2017-04-05,William Blair & Co,Not Provided,3.0,market perform,-0.0
2017-04-05,Northcoast Research,12 month,5.0,buy,76.0
2017-04-05,Credit Suisse,Not Provided,5.0,outperform,67.0
2017-04-11,Northcoast Research,12 month,5.0,buy,76.0
2017-04-18,EVA Dimensions,Not Provided,1.0,underweight,-0.0
2017-04-20,Baird,Not Provided,5.0,outperform,69.0
2017-05-02,Northcoast Research,12 month,5.0,buy,76.0
2017-05-09,Edward Jones,Not Provided,3.0,hold,-0.0
2017-05-09,"Morningstar, Inc",Not Provided,3.0,hold,-0.0
2017-05-09,Piper Jaffray,12 month,5.0,overweight,73.0
2017-05-09,Northcoast Research,12 month,5.0,buy,76.0
2017-05-09,Morgan Stanley,12 month,5.0,Overwt/In-Line,66.0
2017-05-09,Credit Suisse,Not Provided,5.0,outperform,67.0
2017-05-10,William Blair & Co,Not Provided,3.0,market perform,-0.0
2017-05-10,Stifel,12 month,5.0,buy,70.0
2017-05-10,Great Lakes Review,Not Provided,3.0,hold,-0.0
2017-05-10,Baird,12 month,5.0,outperform,69.0
2017-05-10,Barrington Research,Not Provided,3.0,market perform,-0.0
2017-05-10,Jefferies,12 month,5.0,buy,72.0
2017-05-16,Stifel,12 month,5.0,buy,70.0
2017-05-16,Northcoast Research,12 month,5.0,buy,76.0
2017-05-17,Northcoast Research,12 month,5.0,buy,76.0
2017-05-18,Baird,12 month,5.0,outperform,69.0
2017-05-23,Goldman Sachs,12 month,1.0,Sell/Neutral,55.0
